Список
Фиктивный
Сталь_20ХМ
Сталь_20ХГСА
Сталь_30ХГСА
Сталь_50ХГА
Сталь_15Х11МФ
Сталь_10
Сталь_20
Алюминий_АМг6
#Список

Фиктивный
Общие сведения
Структура,Фаза-Масс.доли
F 1
#Структура
#Общие сведения

Тепловые свойства
Плотность,кг/мм^3-C°
20 0.000008800 ,  1500 0.000008800
#Плотность
Теплопроводность,Вт/мм-C°
20 0.00000001, 600 0.00000001,700 0.00000001 ,1500 0.00000001
#Теплопроводность
Теплоемкость,Дж-C°
20 1  1400 1
#Теплоемкость
#Тепловые свойства

Механические свойства
Модуль Юнга,МПа-C°
20 1000, 1500 1000
#Модуль Юнга
Коэффициент Пуассона,у.ед.-C°
20 0.3,200 0.3,587 0.3,1500 0.3
#Коэффициент Пуассона
Предел текучести,МПа-C°
20 250.9, 300 242.8, 500 220.6, 700 159.84, 900 40, 1200 15, 1500 10
#Предел текучести
Предел прочности,МПа-C°
20 260,300 260,500 260,700 260,900 260,1200 260,1500 260
#Предел прочности
Коэффициент упрочнения,у.ед.-C°
20 2,300 2,500 2,700 3,900 6,1200 6,1500 6
#Коэффициент упрочнения
ТКЛР,у.ед.-C°
600 0, 870 0, 1400 0
#ТКЛР
#Механические свойства
#Фиктивный

Сталь_20ХМ
Общие сведения
Структура,Фаза-Масс.доли
F 1 B 0 M 0 A 0
#Структура
Кристаллизация,Точка-Температура
TS 1400 TL 1500
#Кристаллизация
Модель упрочнения,#
2
#Модель упрочнения
Модель твердости,#
2
#Модель твердости
Химический состав,Элемент-Масс.доли
C 0.2 Mn 0.5 Mo 0.2 Si 1.8 Cr 1
#Химический состав
Размер аустенитного зерна,мм
1
#Размер аустенитного зерна
Модель роста аустенитного зерна,Коэффициент-Значение
Q 1 A 1000.04 n 50.01
#Модель роста аустенитного зерна
#Общие сведения
Тепловые свойства
Плотность,кг/мм^3-C°
20 7.815E-06 1500 7.29E-06
20 7.815E-06 1500 7.29E-06
20 7.815E-06 1500 7.29E-06
20 7.99E-06 1500 7.29E-06
#Плотность
Теплопроводность,Вт/мм-C°
0 0.051 200 0.0455 300 0.043 500 0.038 700 0.0325 900 0.027 1000 0.0265 1500 0.033
0 0.051 200 0.0455 300 0.043 500 0.038 700 0.0325 900 0.027 1000 0.0265 1500 0.033
0 0.0455 200 0.0405 300 0.038 500 0.0336 700 0.0292 900 0.025 1000 0.026 1500 0.033
0 0.015 200 0.017 300 0.019 500 0.021 700 0.023 900 0.025 1000 0.026 1500 0.033
#Теплопроводность
Теплоемкость,Дж-C°
0 483 200 544 500 637 700 699 750 1349 800 1269 900 647 1400 660
0 483 200 544 500 637 700 699 750 1349 800 1269 900 647 1400 660
0 483 200 544 500 637 700 699 750 1349 800 1269 900 647 1400 660
0 512 200 541 500 585 700 615 750 623 800 631 900 647 1400 660
#Теплоемкость
#Тепловые свойства
Механические свойства
Модуль Юнга,МПа-C°
20 210000 200 200000 400 175000 600 135000 800 78000 1000 15000 1100 7000 1200 3000 1300 1000 1500 1000
20 210000 200 200000 400 175000 600 135000 800 78000 1000 15000 1100 7000 1200 3000 1300 1000 1500 1000
20 210000 200 200000 400 175000 600 135000 800 78000 1000 15000 1100 7000 1200 3000 1300 1000 1500 1000
20 210000 200 200000 400 175000 600 135000 800 78000 1000 15000 1100 7000 1200 3000 1300 1000 1500 1000
#Модуль Юнга
Коэффициент Пуассона,у.ед.-C°
20 0.3 200 0.3 587 0.3 1500 0.3
20 0.3 200 0.3 587 0.3 1500 0.3
20 0.3 200 0.3 587 0.3 1500 0.3
20 0.3 200 0.3 587 0.3 1500 0.3
#Коэффициент Пуассона
Коэффициент упрочнения,у.ед.-C°
20 2 200 2 300 2 350 2 450 3 500 3 600 3 700 3 750 4 900 4 1200 4 1500 4
20 2 200 2 300 2 350 2 450 3 500 3 600 3 700 3 750 4 900 4 1200 4 1500 4
20 2 200 2 300 2 350 2 450 3 500 3 600 3 700 3 750 4 900 4 1200 4 1500 4
20 2 200 2 300 2 350 2 450 3 500 3 600 3 700 3 750 4 900 4 1200 4 1500 4
#Коэффициент упрочнения
Предел текучести,МПа-C°
20 450.9 100 448.7 200 445.8 300 442.8 400 394.2 500 345.6 600 252.72 700 159.84 900 40 1200 15 1500 10
20 820 100 811 200 800 300 760 400 720 500 560 600 400 700 267 900 60 1200 15 1500 10
20 1373.76 100 1346.88 200 1313.28 300 1140.48 400 915.84 500 695.52 600 475.2 700 302.4 900 80 1200 15 1500 10
20 241.92 100 228.96 200 207.36 300 172.8 400 138.24 500 103.68 600 77.76 700 51.84 900 30 1200 15 1500 10
#Предел текучести
Предел прочности,МПа-C°
20 550.9 100 548.7 200 545.8 300 542.8 400 494.2 500 445.6 600 352.72 700 259.84 900 60 1200 35 1500 30
20 920 100 911 200 900 300 860 400 820 500 660 600 500 700 367 900 80 1200 35 1500 30
20 1473.76 100 1446.88 200 1413.28 300 1240.48 400 1015.84 500 795.52 600 575.2 700 402.4 900 100 1200 35 1500 30
20 341.92 100 328.96 200 307.36 300 272.8 400 238.24 500 203.68 600 87.76 700 61.84 900 50 1200 35 1500 30
#Предел прочности
ТКЛР,у.ед.-C°
20 1.47E-05 600 1.47E-05 870 1.47E-05 1400 1.47E-05
20 1.4E-05 600 1.4E-05 870 1.4E-05 1400 1.4E-05
20 1.4E-05 600 1.4E-05 870 1.4E-05 1400 1.4E-05
20 2.15E-05 600 2.15E-05 870 2.15E-05 1400 2.15E-05
#ТКЛР
#Механические свойства
Металлургия
Нагрев F-A,масс.доли-C°
20 0
600 0
700 0.5
1500 1
#Нагрев F-A
Охлаждение A-F,масс.доли-C°
660 0 -0.01 0.1 -5.5 0.001
650 1 -0.01 0.5 -5.5 0.001
610 1 -0.01 0.95 -5.5 0.1
605 0 -0.01 0.001 -5.5 0.001
#Охлаждение A-F
Охлаждение A-B,масс.доли-C°
600 0 -5.5 0.01 -15 0.001 -20 0.001
590 1 -5.5 0.1 -15 0.01 -20 0.01
350 1 -5.5 0.4 -15 0.4 -20 0.4
345 0 -5.5 0.001 -15 0.001 -20 0.001
#Охлаждение A-B
Охлаждение A-M,масс.доли-C°
340 0
335 0.18
300 0.32
200 0.69
150 0.79
100 0.86
50 0.9
20 0.92
#Охлаждение A-M
#Металлургия
#Сталь_20ХМ
Сталь_20ХГСА
Общие сведения
Структура,Фаза-Масс.доли
F 1 B 0 M 0 A 0
#Структура
Кристаллизация,Точка-Температура
TS 1400 TL 1500
#Кристаллизация
Модель упрочнения,#
2
#Модель упрочнения
Модель твердости,#
2
#Модель твердости
Химический состав,Элемент-Масс.доли
C 0.2 Mn 1 Mo 0.1 Si 1 Cr 1
#Химический состав
Размер аустенитного зерна,мм
1
#Размер аустенитного зерна
Модель роста аустенитного зерна,Коэффициент-Значение
Q 1 A 1000.04 n 50.01
#Модель роста аустенитного зерна
#Общие сведения
Тепловые свойства
Плотность,кг/мм^3-C°
20 7.815E-06 1500 7.29E-06
20 7.815E-06 1500 7.29E-06
20 7.815E-06 1500 7.29E-06
20 7.99E-06 1500 7.29E-06
#Плотность
Теплопроводность,Вт/мм-C°
0 0.051 200 0.0455 300 0.043 500 0.038 700 0.0325 900 0.027 1000 0.0265 1500 0.033
0 0.051 200 0.0455 300 0.043 500 0.038 700 0.0325 900 0.027 1000 0.0265 1500 0.033
0 0.0455 200 0.0405 300 0.038 500 0.0336 700 0.0292 900 0.025 1000 0.026 1500 0.033
0 0.015 200 0.017 300 0.019 500 0.021 700 0.023 900 0.025 1000 0.026 1500 0.033
#Теплопроводность
Теплоемкость,Дж-C°
0 483 200 544 500 637 700 699 750 1349 800 1269 900 647 1400 660
0 483 200 544 500 637 700 699 750 1349 800 1269 900 647 1400 660
0 483 200 544 500 637 700 699 750 1349 800 1269 900 647 1400 660
0 512 200 541 500 585 700 615 750 623 800 631 900 647 1400 660
#Теплоемкость
#Тепловые свойства
Механические свойства
Модуль Юнга,МПа-C°
20 210000 200 200000 400 175000 600 135000 800 78000 1000 15000 1100 7000 1200 3000 1300 1000 1500 1000
20 210000 200 200000 400 175000 600 135000 800 78000 1000 15000 1100 7000 1200 3000 1300 1000 1500 1000
20 210000 200 200000 400 175000 600 135000 800 78000 1000 15000 1100 7000 1200 3000 1300 1000 1500 1000
20 210000 200 200000 400 175000 600 135000 800 78000 1000 15000 1100 7000 1200 3000 1300 1000 1500 1000
#Модуль Юнга
Коэффициент Пуассона,у.ед.-C°
20 0.3 200 0.3 587 0.3 1500 0.3
20 0.3 200 0.3 587 0.3 1500 0.3
20 0.3 200 0.3 587 0.3 1500 0.3
20 0.3 200 0.3 587 0.3 1500 0.3
#Коэффициент Пуассона
Коэффициент упрочнения,у.ед.-C°
20 2 200 2 300 2 350 2 450 2 500 2 600 2 700 2 750 2 900 2 1200 1 1500 1
20 2 200 2 300 2 350 2 450 2 500 2 600 2 700 2 750 2 900 2 1200 1 1500 1
20 2 200 2 300 2 350 2 450 2 500 2 600 2 700 2 750 2 900 2 1200 1 1500 1
20 2 200 2 300 2 350 2 450 2 500 2 600 2 700 2 750 2 900 2 1200 1 1500 1
#Коэффициент упрочнения
Предел текучести,МПа-C°
20 450.9 100 448.7 200 445.8 300 442.8 400 394.2 500 345.6 600 252.72 700 159.84 900 40 1200 15 1500 10
20 820 100 811 200 800 300 760 400 720 500 560 600 400 700 267 900 60 1200 15 1500 10
20 1373.76 100 1346.88 200 1313.28 300 1140.48 400 915.84 500 695.52 600 475.2 700 302.4 900 80 1200 15 1500 10
20 241.92 100 228.96 200 207.36 300 172.8 400 138.24 500 103.68 600 77.76 700 51.84 900 30 1200 15 1500 10
#Предел текучести
Предел прочности,МПа-C°
20 550.9 100 548.7 200 545.8 300 542.8 400 494.2 500 445.6 600 352.72 700 259.84 900 50 1200 25 1500 20
20 920 100 911 200 900 300 860 400 820 500 660 600 500 700 367 900 70 1200 25 1500 20
20 1473.76 100 1446.88 200 1413.28 300 1240.48 400 1015.84 500 795.52 600 575.2 700 402.4 900 90 1200 25 1500 20
20 341.92 100 328.96 200 307.36 300 272.8 400 238.24 500 203.68 600 87.76 700 61.84 900 40 1200 25 1500 20
#Предел прочности
ТКЛР,у.ед.-C°
20 1.47E-05 600 1.47E-05 870 1.47E-05 1400 1.47E-05
20 1.4E-05 600 1.4E-05 870 1.4E-05 1400 1.4E-05
20 1.4E-05 600 1.4E-05 870 1.4E-05 1400 1.4E-05
20 2.15E-05 600 2.15E-05 870 2.15E-05 1400 2.15E-05
#ТКЛР
#Механические свойства
Металлургия
Нагрев F-A,масс.доли-C°
20 0
600 0
700 0.5
1500 1
#Нагрев F-A
Охлаждение A-F,масс.доли-C°
660 0 -0.01 0.1 -5.5 0.001
650 1 -0.01 0.5 -5.5 0.001
610 1 -0.01 0.95 -5.5 0.1
605 0 -0.01 0.001 -5.5 0.001
#Охлаждение A-F
Охлаждение A-B,масс.доли-C°
600 0 -5.5 0.01 -15 0.001 -20 0.001
590 1 -5.5 0.1 -15 0.01 -20 0.01
350 1 -5.5 0.4 -15 0.4 -20 0.4
345 0 -5.5 0.001 -15 0.001 -20 0.001
#Охлаждение A-B
Охлаждение A-M,масс.доли-C°
340 0 -5.5 0.001 -15 0.001 -20 0.001 -36 0.001 -57 0.001 -300 0.001
335 1 -5.5 0.1 -15 0.1 -20 0.1 -36 0.85 -57 0.85 -300 0.85
50 1 -5.5 0.5 -15 0.5 -20 0.5 -36 1 -57 1 -300 1
20 1 -5.5 0.85 -15 0.85 -20 0.85 -36 1 -57 1 -300 1
#Охлаждение A-M
#Металлургия
#Сталь_20ХГСА
Сталь_30ХГСА
Общие сведения
Структура,Фаза-Масс.доли
F 1 B 0 M 0 A 0
#Структура
Кристаллизация,Точка-Температура
TS 1400 TL 1500
#Кристаллизация
Модель упрочнения,#
2
#Модель упрочнения
Модель твердости,#
2
#Модель твердости
Химический состав,Элемент-Масс.доли
C 0.3 Mn 1 Si 1 Cr 1 Ni 0.3 Cu 0.3
#Химический состав
Размер аустенитного зерна,мм
1
#Размер аустенитного зерна
Модель роста аустенитного зерна,Коэффициент-Значение
Q 1 A 1000.04 n 50.01
#Модель роста аустенитного зерна
#Общие сведения
Тепловые свойства
Плотность,кг/мм^3-C°
20 7.815E-06 1500 7.29E-06
20 7.815E-06 1500 7.29E-06
20 7.815E-06 1500 7.29E-06
20 7.99E-06 1500 7.29E-06
#Плотность
Теплопроводность,Вт/мм-C°
0 0.051 200 0.0455 300 0.043 500 0.038 700 0.0325 900 0.027 1000 0.0265 1500 0.033
0 0.051 200 0.0455 300 0.043 500 0.038 700 0.0325 900 0.027 1000 0.0265 1500 0.033
0 0.0455 200 0.0405 300 0.038 500 0.0336 700 0.0292 900 0.025 1000 0.026 1500 0.033
0 0.015 200 0.017 300 0.019 500 0.021 700 0.023 900 0.025 1000 0.026 1500 0.033
#Теплопроводность
Теплоемкость,Дж-C°
0 483 200 544 500 637 700 699 750 1349 800 1269 900 647 1400 660
0 483 200 544 500 637 700 699 750 1349 800 1269 900 647 1400 660
0 483 200 544 500 637 700 699 750 1349 800 1269 900 647 1400 660
0 512 200 541 500 585 700 615 750 623 800 631 900 647 1400 660
#Теплоемкость
#Тепловые свойства
Механические свойства
Модуль Юнга,МПа-C°
20 210000 200 200000 400 175000 600 135000 800 78000 1000 15000 1100 7000 1200 3000 1300 1000 1500 1000
20 210000 200 200000 400 175000 600 135000 800 78000 1000 15000 1100 7000 1200 3000 1300 1000 1500 1000
20 210000 200 200000 400 175000 600 135000 800 78000 1000 15000 1100 7000 1200 3000 1300 1000 1500 1000
20 210000 200 200000 400 175000 600 135000 800 78000 1000 15000 1100 7000 1200 3000 1300 1000 1500 1000
#Модуль Юнга
Коэффициент Пуассона,у.ед.-C°
20 0.3 200 0.3 587 0.3 1500 0.3
20 0.3 200 0.3 587 0.3 1500 0.3
20 0.3 200 0.3 587 0.3 1500 0.3
20 0.3 200 0.3 587 0.3 1500 0.3
#Коэффициент Пуассона
Коэффициент упрочнения,у.ед.-C°
20 2 200 2 300 2 350 2 450 2 500 2 600 2 700 2 750 2 900 2 1200 1 1500 1
20 2 200 2 300 2 350 2 450 2 500 2 600 2 700 2 750 2 900 2 1200 1 1500 1
20 2 200 2 300 2 350 2 450 2 500 2 600 2 700 2 750 2 900 2 1200 1 1500 1
20 2 200 2 300 2 350 2 450 2 500 2 600 2 700 2 750 2 900 2 1200 1 1500 1
#Коэффициент упрочнения
Предел текучести,МПа-C°
20 450.9 100 448.7 200 445.8 300 442.8 400 394.2 500 345.6 600 252.72 700 159.84 900 40 1200 15 1500 10
20 820 100 811 200 800 300 760 400 720 500 560 600 400 700 267 900 60 1200 15 1500 10
20 1373.76 100 1346.88 200 1313.28 300 1140.48 400 915.84 500 695.52 600 475.2 700 302.4 900 80 1200 15 1500 10
20 241.92 100 228.96 200 207.36 300 172.8 400 138.24 500 103.68 600 77.76 700 51.84 900 30 1200 15 1500 10
#Предел текучести
Предел прочности,МПа-C°
20 550.9 100 548.7 200 545.8 300 542.8 400 494.2 500 445.6 600 352.72 700 259.84 900 50 1200 25 1500 20
20 920 100 911 200 900 300 860 400 820 500 660 600 500 700 367 900 70 1200 25 1500 20
20 1473.76 100 1446.88 200 1413.28 300 1240.48 400 1015.84 500 795.52 600 575.2 700 402.4 900 90 1200 25 1500 20
20 341.92 100 328.96 200 307.36 300 272.8 400 238.24 500 203.68 600 87.76 700 61.84 900 40 1200 25 1500 20
#Предел прочности
ТКЛР,у.ед.-C°
20 1.47E-05 600 1.47E-05 870 1.47E-05 1400 1.47E-05
20 1.4E-05 600 1.4E-05 870 1.4E-05 1400 1.4E-05
20 1.4E-05 600 1.4E-05 870 1.4E-05 1400 1.4E-05
20 2.15E-05 600 2.15E-05 870 2.15E-05 1400 2.15E-05
#ТКЛР
#Механические свойства
Металлургия
Нагрев F-A,масс.доли-C°
20 0
600 0
700 0.5
1500 1
#Нагрев F-A
Охлаждение A-F,масс.доли-C°
660 0 -0.01 0.1 -5.5 0.001
650 1 -0.01 0.5 -5.5 0.001
610 1 -0.01 0.95 -5.5 0.1
605 0 -0.01 0.001 -5.5 0.001
#Охлаждение A-F
Охлаждение A-B,масс.доли-C°
600 0 -5.5 0.01 -15 0.001 -20 0.001
590 1 -5.5 0.1 -15 0.01 -20 0.01
350 1 -5.5 0.4 -15 0.4 -20 0.4
345 0 -5.5 0.001 -15 0.001 -20 0.001
#Охлаждение A-B
Охлаждение A-M,масс.доли-C°
340 0 -5.5 0.001 -15 0.001 -20 0.001 -36 0.001 -57 0.001 -300 0.001
335 1 -5.5 0.1 -15 0.1 -20 0.1 -36 0.85 -57 0.85 -300 0.85
50 1 -5.5 0.5 -15 0.5 -20 0.5 -36 1 -57 1 -300 1
20 1 -5.5 0.85 -15 0.85 -20 0.85 -36 1 -57 1 -300 1
#Охлаждение A-M
#Металлургия
#Сталь_30ХГСА
Сталь_50ХГА
Общие сведения
Структура,Фаза-Масс.доли
F 1 B 0 M 0 A 0
#Структура
Кристаллизация,Точка-Температура
TS 1400 TL 1500
#Кристаллизация
Модель упрочнения,#
2
#Модель упрочнения
Модель твердости,#
2
#Модель твердости
Химический состав,Элемент-Масс.доли
C 0.5 Mn 1 Mo 1.7 Si 0.2 Cr 1 Cu 0.2
#Химический состав
Размер аустенитного зерна,мм
1
#Размер аустенитного зерна
Модель роста аустенитного зерна,Коэффициент-Значение
Q 1 A 1000.04 n 50.01
#Модель роста аустенитного зерна
#Общие сведения
Тепловые свойства
Плотность,кг/мм^3-C°
20 7.815E-06 1500 7.29E-06
20 7.815E-06 1500 7.29E-06
20 7.815E-06 1500 7.29E-06
20 7.99E-06 1500 7.29E-06
#Плотность
Теплопроводность,Вт/мм-C°
0 0.051 200 0.0455 300 0.043 500 0.038 700 0.0325 900 0.027 1000 0.0265 1500 0.033
0 0.051 200 0.0455 300 0.043 500 0.038 700 0.0325 900 0.027 1000 0.0265 1500 0.033
0 0.0455 200 0.0405 300 0.038 500 0.0336 700 0.0292 900 0.025 1000 0.026 1500 0.033
0 0.015 200 0.017 300 0.019 500 0.021 700 0.023 900 0.025 1000 0.026 1500 0.033
#Теплопроводность
Теплоемкость,Дж-C°
0 483 200 544 500 637 700 699 750 1349 800 1269 900 647 1400 660
0 483 200 544 500 637 700 699 750 1349 800 1269 900 647 1400 660
0 483 200 544 500 637 700 699 750 1349 800 1269 900 647 1400 660
0 512 200 541 500 585 700 615 750 623 800 631 900 647 1400 660
#Теплоемкость
#Тепловые свойства
Механические свойства
Модуль Юнга,МПа-C°
20 210000 200 200000 400 175000 600 135000 800 78000 1000 15000 1100 7000 1200 3000 1300 1000 1500 1000
20 210000 200 200000 400 175000 600 135000 800 78000 1000 15000 1100 7000 1200 3000 1300 1000 1500 1000
20 210000 200 200000 400 175000 600 135000 800 78000 1000 15000 1100 7000 1200 3000 1300 1000 1500 1000
20 210000 200 200000 400 175000 600 135000 800 78000 1000 15000 1100 7000 1200 3000 1300 1000 1500 1000
#Модуль Юнга
Коэффициент Пуассона,у.ед.-C°
20 0.3 200 0.3 587 0.3 1500 0.3
20 0.3 200 0.3 587 0.3 1500 0.3
20 0.3 200 0.3 587 0.3 1500 0.3
20 0.3 200 0.3 587 0.3 1500 0.3
#Коэффициент Пуассона
Коэффициент упрочнения,у.ед.-C°
20 2 200 2 300 2 350 2 450 2 500 2 600 2 700 2 750 2 900 2 1200 1 1500 1
20 2 200 2 300 2 350 2 450 2 500 2 600 2 700 2 750 2 900 2 1200 1 1500 1
20 2 200 2 300 2 350 2 450 2 500 2 600 2 700 2 750 2 900 2 1200 1 1500 1
20 2 200 2 300 2 350 2 450 2 500 2 600 2 700 2 750 2 900 2 1200 1 1500 1
#Коэффициент упрочнения
Предел текучести,МПа-C°
20 450.9 100 448.7 200 445.8 300 442.8 400 394.2 500 345.6 600 252.72 700 159.84 900 40 1200 15 1500 10
20 820 100 811 200 800 300 760 400 720 500 560 600 400 700 267 900 60 1200 15 1500 10
20 1373.76 100 1346.88 200 1313.28 300 1140.48 400 915.84 500 695.52 600 475.2 700 302.4 900 80 1200 15 1500 10
20 241.92 100 228.96 200 207.36 300 172.8 400 138.24 500 103.68 600 77.76 700 51.84 900 30 1200 15 1500 10
#Предел текучести
Предел прочности,МПа-C°
20 550.9 100 548.7 200 545.8 300 542.8 400 494.2 500 445.6 600 352.72 700 259.84 900 50 1200 25 1500 20
20 920 100 911 200 900 300 860 400 820 500 660 600 500 700 367 900 70 1200 25 1500 20
20 1473.76 100 1446.88 200 1413.28 300 1240.48 400 1015.84 500 795.52 600 575.2 700 402.4 900 90 1200 25 1500 20
20 341.92 100 328.96 200 307.36 300 272.8 400 238.24 500 203.68 600 87.76 700 61.84 900 40 1200 25 1500 20
#Предел прочности
ТКЛР,у.ед.-C°
20 1.47E-05 600 1.47E-05 870 1.47E-05 1400 1.47E-05
20 1.4E-05 600 1.4E-05 870 1.4E-05 1400 1.4E-05
20 1.4E-05 600 1.4E-05 870 1.4E-05 1400 1.4E-05
20 2.15E-05 600 2.15E-05 870 2.15E-05 1400 2.15E-05
#ТКЛР
#Механические свойства
Металлургия
Нагрев F-A,масс.доли-C°
20 0
600 0
700 0.5
1500 1
#Нагрев F-A
Охлаждение A-F,масс.доли-C°
660 0 -0.01 0.1 -5.5 0.001
650 1 -0.01 0.5 -5.5 0.001
610 1 -0.01 0.95 -5.5 0.1
605 0 -0.01 0.001 -5.5 0.001
#Охлаждение A-F
Охлаждение A-B,масс.доли-C°
600 0 -5.5 0.01 -15 0.001 -20 0.001
590 1 -5.5 0.1 -15 0.01 -20 0.01
350 1 -5.5 0.4 -15 0.4 -20 0.4
345 0 -5.5 0.001 -15 0.001 -20 0.001
#Охлаждение A-B
Охлаждение A-M,масс.доли-C°
340 0 -5.5 0.001 -15 0.001 -20 0.001 -36 0.001 -57 0.001 -300 0.001
335 1 -5.5 0.1 -15 0.1 -20 0.1 -36 0.85 -57 0.85 -300 0.85
50 1 -5.5 0.5 -15 0.5 -20 0.5 -36 1 -57 1 -300 1
20 1 -5.5 0.85 -15 0.85 -20 0.85 -36 1 -57 1 -300 1
#Охлаждение A-M
#Металлургия
#Сталь_50ХГА
Сталь_15Х11МФ
Общие сведения
Структура,Фаза-Масс.доли
F 1 B 0 M 0 A 0
#Структура
Кристаллизация,Точка-Температура
TS 1400 TL 1500
#Кристаллизация
Модель упрочнения,#
2
#Модель упрочнения
Модель твердости,#
2
#Модель твердости
Химический состав,Элемент-Масс.доли
C 0.15 Mn 0.7 Mo 0.7 Si 0.5
#Химический состав
Размер аустенитного зерна,мм
1
#Размер аустенитного зерна
Модель роста аустенитного зерна,Коэффициент-Значение
Q 1 A 1000.04 n 50.01
#Модель роста аустенитного зерна
#Общие сведения
Тепловые свойства
Плотность,кг/мм^3-C°
20 7.815E-06 1500 7.29E-06
20 7.815E-06 1500 7.29E-06
20 7.815E-06 1500 7.29E-06
20 7.99E-06 1500 7.29E-06
#Плотность
Теплопроводность,Вт/мм-C°
0 0.051 200 0.0455 300 0.043 500 0.038 700 0.0325 900 0.027 1000 0.0265 1500 0.033
0 0.051 200 0.0455 300 0.043 500 0.038 700 0.0325 900 0.027 1000 0.0265 1500 0.033
0 0.0455 200 0.0405 300 0.038 500 0.0336 700 0.0292 900 0.025 1000 0.026 1500 0.033
0 0.015 200 0.017 300 0.019 500 0.021 700 0.023 900 0.025 1000 0.026 1500 0.033
#Теплопроводность
Теплоемкость,Дж-C°
0 483 200 544 500 637 700 699 750 1349 800 1269 900 647 1400 660
0 483 200 544 500 637 700 699 750 1349 800 1269 900 647 1400 660
0 483 200 544 500 637 700 699 750 1349 800 1269 900 647 1400 660
0 512 200 541 500 585 700 615 750 623 800 631 900 647 1400 660
#Теплоемкость
#Тепловые свойства
Механические свойства
Модуль Юнга,МПа-C°
20 210000 200 200000 400 175000 600 135000 800 78000 1000 15000 1100 7000 1200 3000 1300 1000 1500 1000
20 210000 200 200000 400 175000 600 135000 800 78000 1000 15000 1100 7000 1200 3000 1300 1000 1500 1000
20 210000 200 200000 400 175000 600 135000 800 78000 1000 15000 1100 7000 1200 3000 1300 1000 1500 1000
20 210000 200 200000 400 175000 600 135000 800 78000 1000 15000 1100 7000 1200 3000 1300 1000 1500 1000
#Модуль Юнга
Коэффициент Пуассона,у.ед.-C°
20 0.3 200 0.3 587 0.3 1500 0.3
20 0.3 200 0.3 587 0.3 1500 0.3
20 0.3 200 0.3 587 0.3 1500 0.3
20 0.3 200 0.3 587 0.3 1500 0.3
#Коэффициент Пуассона
Коэффициент упрочнения,у.ед.-C°
20 2 200 2 300 2 350 2 450 2 500 2 600 2 700 2 750 2 900 2 1200 1 1500 1
20 2 200 2 300 2 350 2 450 2 500 2 600 2 700 2 750 2 900 2 1200 1 1500 1
20 2 200 2 300 2 350 2 450 2 500 2 600 2 700 2 750 2 900 2 1200 1 1500 1
20 2 200 2 300 2 350 2 450 2 500 2 600 2 700 2 750 2 900 2 1200 1 1500 1
#Коэффициент упрочнения
Предел текучести,МПа-C°
20 450.9 100 448.7 200 445.8 300 442.8 400 394.2 500 345.6 600 252.72 700 159.84 900 40 1200 15 1500 10
20 820 100 811 200 800 300 760 400 720 500 560 600 400 700 267 900 60 1200 15 1500 10
20 1373.76 100 1346.88 200 1313.28 300 1140.48 400 915.84 500 695.52 600 475.2 700 302.4 900 80 1200 15 1500 10
20 241.92 100 228.96 200 207.36 300 172.8 400 138.24 500 103.68 600 77.76 700 51.84 900 30 1200 15 1500 10
#Предел текучести
Предел прочности,МПа-C°
20 550.9 100 548.7 200 545.8 300 542.8 400 494.2 500 445.6 600 352.72 700 259.84 900 50 1200 25 1500 20
20 920 100 911 200 900 300 860 400 820 500 660 600 500 700 367 900 70 1200 25 1500 20
20 1473.76 100 1446.88 200 1413.28 300 1240.48 400 1015.84 500 795.52 600 575.2 700 402.4 900 90 1200 25 1500 20
20 341.92 100 328.96 200 307.36 300 272.8 400 238.24 500 203.68 600 87.76 700 61.84 900 40 1200 25 1500 20
#Предел прочности
ТКЛР,у.ед.-C°
20 1.47E-05 600 1.47E-05 870 1.47E-05 1400 1.47E-05
20 1.4E-05 600 1.4E-05 870 1.4E-05 1400 1.4E-05
20 1.4E-05 600 1.4E-05 870 1.4E-05 1400 1.4E-05
20 2.15E-05 600 2.15E-05 870 2.15E-05 1400 2.15E-05
#ТКЛР
#Механические свойства
Металлургия
Нагрев F-A,масс.доли-C°
20 0
600 0
700 0.5
1500 1
#Нагрев F-A
Охлаждение A-F,масс.доли-C°
660 0 -0.01 0.1 -5.5 0.001
650 1 -0.01 0.5 -5.5 0.001
610 1 -0.01 0.95 -5.5 0.1
605 0 -0.01 0.001 -5.5 0.001
#Охлаждение A-F
Охлаждение A-B,масс.доли-C°
600 0 -5.5 0.01 -15 0.001 -20 0.001
590 1 -5.5 0.1 -15 0.01 -20 0.01
350 1 -5.5 0.4 -15 0.4 -20 0.4
345 0 -5.5 0.001 -15 0.001 -20 0.001
#Охлаждение A-B
Охлаждение A-M,масс.доли-C°
340 0 -5.5 0.001 -15 0.001 -20 0.001 -36 0.001 -57 0.001 -300 0.001
335 1 -5.5 0.1 -15 0.1 -20 0.1 -36 0.85 -57 0.85 -300 0.85
50 1 -5.5 0.5 -15 0.5 -20 0.5 -36 1 -57 1 -300 1
20 1 -5.5 0.85 -15 0.85 -20 0.85 -36 1 -57 1 -300 1
#Охлаждение A-M
#Металлургия
#Сталь_15Х11МФ
Сталь_10
Общие сведения
Структура,Фаза-Масс.доли
F 1 B 0 M 0 A 0
#Структура
Кристаллизация,Точка-Температура
TS 1400 TL 1500
#Кристаллизация
Модель упрочнения,#
2
#Модель упрочнения
Модель твердости,#
2
#Модель твердости
Химический состав,Элемент-Масс.доли
C 1 Mn 1.2 Mo 1.7 Si 1.8
#Химический состав
Размер аустенитного зерна,мм
1
#Размер аустенитного зерна
Модель роста аустенитного зерна,Коэффициент-Значение
Q 1 A 1000.04 n 50.01
#Модель роста аустенитного зерна
#Общие сведения
Тепловые свойства
Плотность,кг/мм^3-C°
20 7.815E-06 1500 7.29E-06
20 7.815E-06 1500 7.29E-06
20 7.815E-06 1500 7.29E-06
20 7.99E-06 1500 7.29E-06
#Плотность
Теплопроводность,Вт/мм-C°
0 0.051 200 0.0455 300 0.043 500 0.038 700 0.0325 900 0.027 1000 0.0265 1500 0.033
0 0.051 200 0.0455 300 0.043 500 0.038 700 0.0325 900 0.027 1000 0.0265 1500 0.033
0 0.0455 200 0.0405 300 0.038 500 0.0336 700 0.0292 900 0.025 1000 0.026 1500 0.033
0 0.015 200 0.017 300 0.019 500 0.021 700 0.023 900 0.025 1000 0.026 1500 0.033
#Теплопроводность
Теплоемкость,Дж-C°
0 483 200 544 500 637 700 699 750 1349 800 1269 900 647 1400 660
0 483 200 544 500 637 700 699 750 1349 800 1269 900 647 1400 660
0 483 200 544 500 637 700 699 750 1349 800 1269 900 647 1400 660
0 512 200 541 500 585 700 615 750 623 800 631 900 647 1400 660
#Теплоемкость
#Тепловые свойства
Механические свойства
Модуль Юнга,МПа-C°
20 210000 200 200000 400 175000 600 135000 800 78000 1000 15000 1100 7000 1200 3000 1300 1000 1500 1000
20 210000 200 200000 400 175000 600 135000 800 78000 1000 15000 1100 7000 1200 3000 1300 1000 1500 1000
20 210000 200 200000 400 175000 600 135000 800 78000 1000 15000 1100 7000 1200 3000 1300 1000 1500 1000
20 210000 200 200000 400 175000 600 135000 800 78000 1000 15000 1100 7000 1200 3000 1300 1000 1500 1000
#Модуль Юнга
Коэффициент Пуассона,у.ед.-C°
20 0.3 200 0.3 587 0.3 1500 0.3
20 0.3 200 0.3 587 0.3 1500 0.3
20 0.3 200 0.3 587 0.3 1500 0.3
20 0.3 200 0.3 587 0.3 1500 0.3
#Коэффициент Пуассона
Коэффициент упрочнения,у.ед.-C°
20 2 200 2 300 2 350 2 450 2 500 2 600 2 700 2 750 2 900 2 1200 1 1500 1
20 2 200 2 300 2 350 2 450 2 500 2 600 2 700 2 750 2 900 2 1200 1 1500 1
20 2 200 2 300 2 350 2 450 2 500 2 600 2 700 2 750 2 900 2 1200 1 1500 1
20 2 200 2 300 2 350 2 450 2 500 2 600 2 700 2 750 2 900 2 1200 1 1500 1
#Коэффициент упрочнения
Предел текучести,МПа-C°
20 450.9 100 448.7 200 445.8 300 442.8 400 394.2 500 345.6 600 252.72 700 159.84 900 40 1200 15 1500 10
20 820 100 811 200 800 300 760 400 720 500 560 600 400 700 267 900 60 1200 15 1500 10
20 1373.76 100 1346.88 200 1313.28 300 1140.48 400 915.84 500 695.52 600 475.2 700 302.4 900 80 1200 15 1500 10
20 241.92 100 228.96 200 207.36 300 172.8 400 138.24 500 103.68 600 77.76 700 51.84 900 30 1200 15 1500 10
#Предел текучести
Предел прочности,МПа-C°
20 550.9 100 548.7 200 545.8 300 542.8 400 494.2 500 445.6 600 352.72 700 259.84 900 50 1200 25 1500 20
20 920 100 911 200 900 300 860 400 820 500 660 600 500 700 367 900 70 1200 25 1500 20
20 1473.76 100 1446.88 200 1413.28 300 1240.48 400 1015.84 500 795.52 600 575.2 700 402.4 900 90 1200 25 1500 20
20 341.92 100 328.96 200 307.36 300 272.8 400 238.24 500 203.68 600 87.76 700 61.84 900 40 1200 25 1500 20
#Предел прочности
ТКЛР,у.ед.-C°
20 1.47E-05 600 1.47E-05 870 1.47E-05 1400 1.47E-05
20 1.4E-05 600 1.4E-05 870 1.4E-05 1400 1.4E-05
20 1.4E-05 600 1.4E-05 870 1.4E-05 1400 1.4E-05
20 2.15E-05 600 2.15E-05 870 2.15E-05 1400 2.15E-05
#ТКЛР
#Механические свойства
Металлургия
Нагрев F-A,масс.доли-C°
20 0
600 0
700 0.5
1500 1
#Нагрев F-A
Охлаждение A-F,масс.доли-C°
660 0 -0.01 0.1 -5.5 0.001
650 1 -0.01 0.5 -5.5 0.001
610 1 -0.01 0.95 -5.5 0.1
605 0 -0.01 0.001 -5.5 0.001
#Охлаждение A-F
Охлаждение A-B,масс.доли-C°
600 0 -5.5 0.01 -15 0.001 -20 0.001
590 1 -5.5 0.1 -15 0.01 -20 0.01
350 1 -5.5 0.4 -15 0.4 -20 0.4
345 0 -5.5 0.001 -15 0.001 -20 0.001
#Охлаждение A-B
Охлаждение A-M,масс.доли-C°
340 0 -5.5 0.001 -15 0.001 -20 0.001 -36 0.001 -57 0.001 -300 0.001
335 1 -5.5 0.1 -15 0.1 -20 0.1 -36 0.85 -57 0.85 -300 0.85
50 1 -5.5 0.5 -15 0.5 -20 0.5 -36 1 -57 1 -300 1
20 1 -5.5 0.85 -15 0.85 -20 0.85 -36 1 -57 1 -300 1
#Охлаждение A-M
#Металлургия
#Сталь_10
Сталь_20
Общие сведения
Структура,Фаза-Масс.доли
F 1 B 0 M 0 A 0
#Структура
Кристаллизация,Точка-Температура
TS 1400 TL 1500
#Кристаллизация
Модель упрочнения,#
2
#Модель упрочнения
Модель твердости,#
2
#Модель твердости
Химический состав,Элемент-Масс.доли
C 0.2 Mn 0.4 Si 0.2 Cr 0.25 Cu 0.25
#Химический состав
Размер аустенитного зерна,мм
1
#Размер аустенитного зерна
Модель роста аустенитного зерна,Коэффициент-Значение
Q 1 A 1000.04 n 50.01
#Модель роста аустенитного зерна
#Общие сведения
Тепловые свойства
Плотность,кг/мм^3-C°
20 7.815E-06 1500 7.29E-06
20 7.815E-06 1500 7.29E-06
20 7.815E-06 1500 7.29E-06
20 7.99E-06 1500 7.29E-06
#Плотность
Теплопроводность,Вт/мм-C°
0 0.051 200 0.0455 300 0.043 500 0.038 700 0.0325 900 0.027 1000 0.0265 1500 0.033
0 0.051 200 0.0455 300 0.043 500 0.038 700 0.0325 900 0.027 1000 0.0265 1500 0.033
0 0.0455 200 0.0405 300 0.038 500 0.0336 700 0.0292 900 0.025 1000 0.026 1500 0.033
0 0.015 200 0.017 300 0.019 500 0.021 700 0.023 900 0.025 1000 0.026 1500 0.033
#Теплопроводность
Теплоемкость,Дж-C°
0 483 200 544 500 637 700 699 750 1349 800 1269 900 647 1400 660
0 483 200 544 500 637 700 699 750 1349 800 1269 900 647 1400 660
0 483 200 544 500 637 700 699 750 1349 800 1269 900 647 1400 660
0 512 200 541 500 585 700 615 750 623 800 631 900 647 1400 660
#Теплоемкость
#Тепловые свойства
Механические свойства
Модуль Юнга,МПа-C°
20 210000 200 200000 400 175000 600 135000 800 78000 1000 15000 1100 7000 1200 3000 1300 1000 1500 1000
20 210000 200 200000 400 175000 600 135000 800 78000 1000 15000 1100 7000 1200 3000 1300 1000 1500 1000
20 210000 200 200000 400 175000 600 135000 800 78000 1000 15000 1100 7000 1200 3000 1300 1000 1500 1000
20 210000 200 200000 400 175000 600 135000 800 78000 1000 15000 1100 7000 1200 3000 1300 1000 1500 1000
#Модуль Юнга
Коэффициент Пуассона,у.ед.-C°
20 0.3 200 0.3 587 0.3 1500 0.3
20 0.3 200 0.3 587 0.3 1500 0.3
20 0.3 200 0.3 587 0.3 1500 0.3
20 0.3 200 0.3 587 0.3 1500 0.3
#Коэффициент Пуассона
Коэффициент упрочнения,у.ед.-C°
20 2 200 2 300 2 350 2 450 2 500 2 600 2 700 2 750 2 900 2 1200 1 1500 1
20 2 200 2 300 2 350 2 450 2 500 2 600 2 700 2 750 2 900 2 1200 1 1500 1
20 2 200 2 300 2 350 2 450 2 500 2 600 2 700 2 750 2 900 2 1200 1 1500 1
20 2 200 2 300 2 350 2 450 2 500 2 600 2 700 2 750 2 900 2 1200 1 1500 1
#Коэффициент упрочнения
Предел текучести,МПа-C°
20 450.9 100 448.7 200 445.8 300 442.8 400 394.2 500 345.6 600 252.72 700 159.84 900 40 1200 15 1500 10
20 820 100 811 200 800 300 760 400 720 500 560 600 400 700 267 900 60 1200 15 1500 10
20 1373.76 100 1346.88 200 1313.28 300 1140.48 400 915.84 500 695.52 600 475.2 700 302.4 900 80 1200 15 1500 10
20 241.92 100 228.96 200 207.36 300 172.8 400 138.24 500 103.68 600 77.76 700 51.84 900 30 1200 15 1500 10
#Предел текучести
Предел прочности,МПа-C°
20 550.9 100 548.7 200 545.8 300 542.8 400 494.2 500 445.6 600 352.72 700 259.84 900 50 1200 25 1500 20
20 920 100 911 200 900 300 860 400 820 500 660 600 500 700 367 900 70 1200 25 1500 20
20 1473.76 100 1446.88 200 1413.28 300 1240.48 400 1015.84 500 795.52 600 575.2 700 402.4 900 90 1200 25 1500 20
20 341.92 100 328.96 200 307.36 300 272.8 400 238.24 500 203.68 600 87.76 700 61.84 900 40 1200 25 1500 20
#Предел прочности
ТКЛР,у.ед.-C°
20 1.47E-05 600 1.47E-05 870 1.47E-05 1400 1.47E-05
20 1.4E-05 600 1.4E-05 870 1.4E-05 1400 1.4E-05
20 1.4E-05 600 1.4E-05 870 1.4E-05 1400 1.4E-05
20 2.15E-05 600 2.15E-05 870 2.15E-05 1400 2.15E-05
#ТКЛР
#Механические свойства
Металлургия
Нагрев F-A,масс.доли-C°
20 0
600 0
700 0.5
1500 1
#Нагрев F-A
Охлаждение A-F,масс.доли-C°
660 0 -0.01 0.1 -5.5 0.001
650 1 -0.01 0.5 -5.5 0.001
610 1 -0.01 0.95 -5.5 0.1
605 0 -0.01 0.001 -5.5 0.001
#Охлаждение A-F
Охлаждение A-B,масс.доли-C°
600 0 -5.5 0.01 -15 0.001 -20 0.001
590 1 -5.5 0.1 -15 0.01 -20 0.01
350 1 -5.5 0.4 -15 0.4 -20 0.4
345 0 -5.5 0.001 -15 0.001 -20 0.001
#Охлаждение A-B
Охлаждение A-M,масс.доли-C°
340 0 -5.5 0.001 -15 0.001 -20 0.001 -36 0.001 -57 0.001 -300 0.001
335 1 -5.5 0.1 -15 0.1 -20 0.1 -36 0.85 -57 0.85 -300 0.85
50 1 -5.5 0.5 -15 0.5 -20 0.5 -36 1 -57 1 -300 1
20 1 -5.5 0.85 -15 0.85 -20 0.85 -36 1 -57 1 -300 1
#Охлаждение A-M
#Металлургия
#Сталь_20
Алюминий_АМг6
Общие сведения
Структура,Фаза-Масс.доли
INI 1 DEG 0 EMP 0 HOT 0
#Структура
Модель упрочнения,#
2
#Модель упрочнения
#Общие сведения
Тепловые свойства
Плотность,кг/мм^3-C°
20 2.75E-06 220 2.71E-06 587 2.66E-06 1500 2.66E-06
20 2.75E-06 220 2.71E-06 587 2.66E-06 1500 2.66E-06
20 2.75E-06 220 2.71E-06 587 2.66E-06 1500 2.66E-06
20 2.75E-06 220 2.71E-06 587 2.66E-06 1500 2.66E-06
#Плотность
Теплопроводность,Вт/мм-C°
20 0.125 220 0.155 500 0.175 1500 0.195
20 0.125 220 0.155 500 0.175 1500 0.195
20 0.125 220 0.155 500 0.175 1500 0.195
20 0.125 220 0.155 500 0.175 1500 0.195
#Теплопроводность
Теплоемкость,Дж-C°
20 898 220 1003 587 1195 1500 1300
20 898 220 1003 587 1195 1500 1300
20 898 220 1003 587 1195 1500 1300
20 898 220 1003 587 1195 1500 1300
#Теплоемкость
#Тепловые свойства
Механические свойства
Модуль Юнга,МПа-C°
20 70000 200 61000 587 1000 1500 1000
20 70000 200 61000 587 1000 1500 1000
20 70000 200 61000 587 1000 1500 1000
20 70000 200 61000 587 1000 1500 1000
#Модуль Юнга
Коэффициент Пуассона,у.ед.-C°
20 0.3 200 0.3 587 0.3 1500 0.3
20 0.3 200 0.3 587 0.3 1500 0.3
20 0.3 200 0.3 587 0.3 1500 0.3
20 0.3 200 0.3 587 0.3 1500 0.3
#Коэффициент Пуассона
Коэффициент упрочнения,у.ед.-C°
20 863 200 260 587 10.75 1500 5
20 863 200 260 587 10.75 1500 5
20 863 200 260 587 10.75 1500 5
20 400 200 130 587 10.75 1500 5
#Коэффициент упрочнения
Предел текучести,МПа-C°
20 290 200 185 587 5 1500 5
20 290 200 185 587 5 1500 5
20 290 200 185 587 5 1500 5
20 50 200 35 587 5 1500 5
#Предел текучести
ТКЛР,у.ед.-C°
20 2.326E-05 200 2.512E-05 587 2.823E-05 1500 2.823E-05
20 2.326E-05 200 2.512E-05 587 2.823E-05 1500 2.823E-05
20 2.326E-05 200 2.512E-05 587 2.823E-05 1500 2.823E-05
20 2.326E-05 200 2.512E-05 587 2.823E-05 1500 2.823E-05
#ТКЛР
#Механические свойства
Металлургия
Нагрев INI-HOT,масс.доли-C°
20 0
200 0.5
300 1
1500 1
#Нагрев INI-HOT
#Металлургия
#Алюминий_АМг6
